     0.00  0.05  0.10  0.15  ...  7.80  7.85  7.90  7.95
0       0     0     0     0  ...     0     0     0     0
1       0     0     0     0  ...     0     0     0     0
2       0     0     0     0  ...     0     0     0     0
3       0     0     0     0  ...     0     0     0     0
4       0     0     0     0  ...     0     0     0     0
..    ...   ...   ...   ...  ...   ...   ...   ...   ...
252     0     0     0     0  ...     0     0     0     0
253     0     0     0     0  ...     0     0     0     0
254     0     0     0     0  ...     0     0     0     0
255     0     0     0     0  ...     0     0     0     0
256     0     0     0     0  ...     0     0     0     0

[257 rows x 160 columns]